0.0	6.950707971
0.1	6.94753273
0.2	6.93801563
0.3	6.922182502
0.4	6.900076269
0.5	6.871756755
0.6	6.837300414
0.7	6.796799993
0.8	6.750364121
0.9	6.69811682
1.0	6.640196968
1.1	6.576757683
1.2	6.507965654
1.3	6.434000424
1.4	6.355053609
1.5	6.271328081
1.6	6.18303711
1.7	6.090403464
1.8	5.993658484
1.9	5.893041129
2.0	5.788797008
2.1	5.681177386
2.2	5.570438197
2.3	5.456839037
2.4	5.340642172
2.5	5.222111542
2.6	5.101511791
2.7	4.979107296
2.8	4.855161237
2.9	4.72993468
3.0	4.603685696
3.1	4.476668514
3.2	4.349132712
3.3	4.22132245
3.4	4.093475749
3.5	3.965823813
3.6	3.838590404
3.7	3.711991269
3.8	3.586233618
3.9	3.461515657
4.0	3.338026172
4.1	3.215944178
4.2	3.095438613
4.3	2.976668092
4.4	2.859780717
4.5	2.744913936
4.6	2.632194456
4.7	2.521738213
4.8	2.413650379
4.9	2.308025429
5.0	2.204947244
5.1	2.104489258
5.2	2.006714652
5.3	1.911676572
5.4	1.8194184
5.5	1.729974034
5.6	1.643368218
5.7	1.559616886
5.8	1.478727527
5.9	1.400699578
6.0	1.325524829
6.1	1.25318784
6.2	1.183666371
6.3	1.116931818
6.4	1.052949659
6.5	0.9916798984
6.6	0.9330775085
6.7	0.8770928766
6.8	0.823672242
6.9	0.7727581276
7.0	0.7242897637
7.1	0.6782035007
7.2	0.6344332108
7.3	0.5929106758
7.4	0.5535659607
7.5	0.5163277712
7.6	0.4811237957
7.7	0.4478810289
7.8	0.4165260778
7.9	0.38698545
8.0	0.3591858219
8.1	0.3330542897
8.2	0.3085185998
8.3	0.2855073615
8.4	0.2639502407
8.5	0.2437781344
8.6	0.2249233284
8.7	0.2073196366
8.8	0.1909025233
8.9	0.1756092091
9.0	0.1613787612
9.1	0.1481521685
9.2	0.135872402
9.3	0.1244844622
9.4	0.1139354133
9.5	0.1041744059
9.6	0.09515268781
9.7	0.0868236056
9.8	0.07914259588
9.9	0.07206716834
10.0	0.06555688094
10.1	0.05957330794
10.2	0.05408000184
10.3	0.04904244962
10.4	0.04442802434
10.5	0.04020593249
10.6	0.03634715791
10.7	0.03282440283
10.8	0.0296120266
10.9	0.02668598269
11.0	0.02402375441
11.1	0.02160428983
11.2	0.01940793629
11.3	0.01741637504
11.4	0.01561255608
11.5	0.01398063382
11.6	0.01250590359
11.7	0.01117473939
11.8	0.009974533103
11.9	0.008893635226
12.0	0.00792129742
12.1	0.007047616925
12.2	0.006263482971
12.3	0.005560525263
12.4	0.004931064605
12.5	0.004368065691
12.6	0.003865092098
12.7	0.003416263485
12.8	0.003016214978
12.9	0.002660058742
13.0	0.002343347687
13.1	0.002062041274
13.2	0.001812473372
13.3	0.001591322107
13.4	0.001395581636
13.5	0.001222535779
13.6	0.001069733438
13.7	0.0009349657221
13.8	0.0008162447111
13.9	0.0007117837662
14.0	0.0006199793193
14.1	0.0005393940559
14.2	0.0004687414147
14.3	0.0004068713276
14.4	0.0003527571229
14.5	0.0003054835194
14.6	0.0002642356382
14.7	0.000228288966
14.8	0.0001970001999
14.9	0.0001697989134
15.0	0.0001461799815
15.1	0.0001256967067
15.2	0.0001079545934
15.3	9.260571629e-05
15.4	7.934363682e-05
15.5	6.789882027e-05
15.6	5.803451165e-05
15.7	4.954303021e-05
15.8	4.224244545e-05
15.9	3.597360022e-05
16.0	3.059744877e-05
16.1	2.599268034e-05
16.2	2.205360096e-05
16.3	1.868824836e-05
16.4	1.581671703e-05
16.5	1.336967229e-05
16.6	1.12870341e-05
16.7	9.516813107e-06
16.8	8.014082788e-06
16.9	6.740073352e-06
17.0	5.661374071e-06
17.1	4.749232238e-06
17.2	3.978937966e-06
17.3	3.329285155e-06
17.4	2.782099933e-06
17.5	2.321828748e-06
17.6	1.93517913e-06
17.7	1.610806864e-06
17.8	1.339043997e-06
17.9	1.11166272e-06
18.0	9.216706963e-07
18.1	7.631339335e-07
18.2	6.31023717e-07
18.3	5.210845482e-07
18.4	4.297203758e-07
18.5	3.538967387e-07
18.6	2.910567252e-07
18.7	2.390489072e-07
18.8	1.960656409e-07
18.9	1.605903225e-07
19.0	1.313523695e-07
19.1	1.072888559e-07
19.2	8.751186782e-08
19.3	7.128077004e-08
19.4	5.797868137e-08
19.5	4.709255094e-08
19.6	3.81963107e-08
19.7	3.093665128e-08
19.8	2.502103167e-08
19.9	2.020758753e-08
20.0	1.629665107e-08
20.1	1.312363614e-08
20.2	1.055307831e-08
20.3	8.473650241e-09
20.4	6.793999384e-09
20.5	5.439277896e-09
20.6	4.34825418e-09
20.7	3.470912461e-09
20.8	2.766461093e-09
20.9	2.20168267e-09
21.0	1.749569462e-09
21.1	1.388196663e-09
21.2	1.099793506e-09
21.3	8.699787319e-10
21.4	6.871323681e-10
21.5	5.418803408e-10
21.6	4.266723553e-10
21.7	3.354367296e-10
21.8	2.632986165e-10
21.9	2.063503532e-10
22.0	1.614646041e-10
22.1	1.261425757e-10
22.2	9.83909263e-11
22.3	7.662211086e-11
22.4	5.957383695e-11
22.5	4.62440744e-11
22.6	3.583870441e-11
22.7	2.772942137e-11
22.8	2.141993678e-11
22.9	1.651889454e-11
23.0	1.271820184e-11
23.1	9.775722613e-12
23.2	7.501479219e-12
23.3	5.746670063e-12
23.4	4.394943818e-12
23.5	3.355478587e-12
23.6	2.557502301e-12
23.7	1.945961838e-12
23.8	1.478106086e-12
23.9	1.120794873e-12
24.0	8.483833246e-13
24.1	6.410615796e-13
24.2	4.835542018e-13
24.3	3.641031832e-13
24.4	2.736741486e-13
24.5	2.053378976e-13
24.6	1.53789434e-13
24.7	1.149746038e-13
24.8	8.580079836e-14
24.9	6.391321078e-14
25.0	4.752211073e-14
25.1	3.526975423e-14
25.2	2.612802484e-14
25.3	1.931985833e-14
25.4	1.425903858e-14
25.5	1.050415697e-14
25.6	7.723470303e-15
25.7	5.668128766e-15
25.8	4.151819613e-15
25.9	3.035319007e-15
26.0	2.214791364e-15
26.1	1.612944395e-15
26.2	1.172355986e-15
26.3	8.504495434e-16
26.4	6.157180717e-16
26.5	4.44892284e-16
26.6	3.208209759e-16
26.7	2.308876961e-16
26.8	1.658304123e-16
26.9	1.188633837e-16
27.0	8.502519507e-17
27.1	6.069569706e-17
27.2	4.323882919e-17
27.3	3.073906822e-17
27.4	2.180736409e-17
27.5	1.543854122e-17
27.6	1.090673661e-17
27.7	7.688890684e-18
27.8	5.40888343e-18
27.9	3.796831843e-18
28.0	2.659497564e-18
28.1	1.858818404e-18
28.2	1.296367271e-18
28.3	9.021264743e-19
28.4	6.263968637e-19
28.5	4.339792363e-19
28.6	2.99999108e-19
28.7	2.069173789e-19
28.8	1.423948474e-19
28.9	9.777011835e-20
29.0	6.697716746e-20
29.1	4.577731763e-20
29.2	3.121554648e-20
29.3	2.123648511e-20
29.4	1.44138312e-20
29.5	9.760122723e-21
29.6	6.593318843e-21
29.7	4.443443657e-21
29.8	2.987417156e-21
29.9	2.003670926e-21
30.0	1.340617669e-21
30.1	8.947982535e-22
30.2	5.957726135e-22
30.3	3.95698751e-22
30.4	2.62162771e-22
30.5	1.73257864e-22
30.6	1.142151817e-22
30.7	7.51029405e-23
30.8	4.925898976e-23
30.9	3.222572375e-23
31.0	2.102817508e-23
31.1	1.368595975e-23
31.2	8.884166433e-24
31.3	5.751998803e-24
31.4	3.714278117e-24
31.5	2.392083734e-24
31.6	1.536446322e-24
31.7	9.84215335e-25
31.8	6.287632983e-25
31.9	4.005909132e-25
32.0	2.545214127e-25
32.1	1.612683997e-25
32.2	1.018986145e-25
32.3	6.420570142e-26
32.4	4.034199918e-26
32.5	2.527620479e-26
32.6	1.579170394e-26
32.7	9.837863208e-27
32.8	6.111096343e-27
32.9	3.78508712e-27
33.0	2.337560108e-27
33.1	1.439366984e-27
33.2	8.836773787e-28
33.3	5.409049088e-28
33.4	3.300992576e-28
33.5	2.008426715e-28
33.6	1.218278408e-28
33.7	7.367284477e-29
33.8	4.441501427e-29
33.9	2.669344969e-29
34.0	1.599274843e-29
34.1	9.551595154e-30
34.2	5.68661614e-30
34.3	3.374798516e-30
34.4	1.996403637e-30
34.5	1.177188398e-30
34.6	6.918806345e-31
34.7	4.053165456e-31
34.8	2.366604748e-31
34.9	1.377258833e-31
35.0	7.988292172e-32
35.1	4.617754772e-32
35.2	2.660334577e-32
35.3	1.527425173e-32
35.4	8.739601849e-33
35.5	4.983345549e-33
35.6	2.831636759e-33
35.7	1.603358727e-33
35.8	9.046692185e-34
35.9	5.086325118e-34
36.0	2.849461166e-34
36.1	1.590577081e-34
36.2	8.846448957e-35
36.3	4.902237296e-35
36.4	2.706571444e-35
36.5	1.488788752e-35
36.6	8.158749098e-36
36.7	4.454299129e-36
36.8	2.4226393e-36
36.9	1.312622604e-36
37.0	7.084689e-37
37.1	3.809074153e-37
37.2	2.039969185e-37
37.3	1.088230842e-37
37.4	5.782282127e-38
37.5	3.06017181e-38
37.6	1.613050508e-38
37.7	8.468236178e-39
37.8	4.427594999e-39
37.9	2.305471247e-39
38.0	1.19551565e-39
38.1	6.173639458e-40
38.2	3.174711614e-40
38.3	1.625663913e-40
38.4	8.289093324e-41
38.5	4.208421697e-41
38.6	2.127421146e-41
38.7	1.07076852e-41
38.8	5.365761727e-42
38.9	2.67698822e-42
39.0	1.329616218e-42
39.1	6.574401888e-43
39.2	3.236096642e-43
39.3	1.585648956e-43
39.4	7.733887103e-44
39.5	3.754728743e-44
39.6	1.814403389e-44
39.7	8.726660902e-45
39.8	4.177395519e-45
39.9	1.990171256e-45
40.0	9.435971307e-46
40.1	4.45223288e-46
40.2	2.090488858e-46
40.3	9.767423607e-47
40.4	4.541064389e-47
40.5	2.100699276e-47
40.6	9.669001907e-48
40.7	4.427858268e-48
40.8	2.017356604e-48
40.9	9.143889094e-49
41.0	4.123070589e-49
41.1	1.849414185e-49
41.2	8.251882873e-50
41.3	3.662343345e-50
41.4	1.61671577e-50
41.5	7.098362902e-51
41.6	3.099657623e-51
41.7	1.34611187e-51
41.8	5.813546911e-52
41.9	2.496745658e-52
42.0	1.066254336e-52
42.1	4.527732754e-53
42.2	1.911675171e-53
42.3	8.024914486e-54
42.4	3.349185248e-54
42.5	1.389599324e-54
42.6	5.731531593e-55
42.7	2.349964164e-55
42.8	9.577227284e-56
42.9	3.879579699e-56
43.0	1.561974655e-56
43.1	6.250079817e-57
43.2	2.485404256e-57
43.3	9.821680005e-58
43.4	3.856816022e-58
43.5	1.504885116e-58
43.6	5.834258734e-59
43.7	2.247254788e-59
43.8	8.599621852e-60
43.9	3.269208839e-60
44.0	1.234576024e-60
44.1	4.631057814e-61
44.2	1.72545967e-61
44.3	6.385081558e-62
44.4	2.346602952e-62
44.5	8.564431179e-63
44.6	3.103967147e-63
44.7	1.117040792e-63
44.8	3.991421805e-64
44.9	1.416008781e-64
45.0	4.987199569e-65
45.1	1.743702839e-65
45.2	6.051809723e-66
45.3	2.084812206e-66
45.4	7.128349885e-67
45.5	2.418926374e-67
45.6	8.145893391e-68
45.7	2.722123033e-68
45.8	9.02609552e-69
45.9	2.969512082e-69
46.0	9.692432163e-70
46.1	3.13842751e-70
46.2	1.008072795e-70
46.3	3.211741552e-71
46.4	1.014907051e-71
46.5	3.180655568e-72
46.6	9.885053955e-73
46.7	3.046354451e-73
46.8	9.308664582e-74
46.9	2.820110156e-74
47.0	8.469978221e-75
47.1	2.521746528e-75
47.2	7.441979456e-76
47.3	2.176747066e-76
47.4	6.309923366e-77
47.5	1.812594027e-77
47.6	5.159417163e-78
47.7	1.455081248e-78
47.8	4.065582358e-79
47.9	1.125302211e-79
48.0	3.085233132e-80
48.1	8.37799816e-81
48.2	2.253131715e-81
48.3	6.000494729e-82
48.4	1.582345529e-82
48.5	4.131316995e-83
48.6	1.067842718e-83
48.7	2.73222072e-84
48.8	6.919450753e-85
48.9	1.734330784e-85
49.0	4.301830572e-86
49.1	1.055824625e-86
49.2	2.563910762e-87
49.3	6.159445626e-88
49.4	1.463734671e-88
49.5	3.440479342e-89
49.6	7.997692148e-90
49.7	1.838451751e-90
49.8	4.17862806e-91
49.9	9.389892566e-92
50.0	2.085853732e-92
50.1	4.579875515e-93
50.2	9.938474793e-94
50.3	2.131233644e-94
50.4	4.515813609e-95
50.5	9.45327484e-96
50.6	1.954865747e-96
50.7	3.992880694e-97
50.8	8.054454944e-98
50.9	1.604395332e-98
51.0	3.155413731e-99
51.1	6.126528792e-100
51.2	1.174163895e-100
51.3	2.220962001e-101
51.4	4.145653813e-102
51.5	7.635280692e-103
51.6	1.387320635e-103
51.7	2.486494801e-104
51.8	4.395369004e-105
51.9	7.661919687e-106
52.0	1.316894197e-106
52.1	2.231366626e-107
52.2	3.726770228e-108
52.3	6.134369668e-109
52.4	9.949838691e-110
52.5	1.590022021e-110
52.6	2.503009891e-111
52.7	3.880830918e-112
52.8	5.925419056e-113
52.9	8.907875134e-114
53.0	1.318309602e-114
53.1	1.920328427e-115
53.2	2.752795586e-116
53.3	3.882731078e-117
53.4	5.387522069e-118
53.5	7.352781651e-119
53.6	9.868394898e-120
53.7	1.30224865e-120
53.8	1.689324397e-121
53.9	2.153882514e-122
54.0	2.698595054e-123
54.1	3.321818942e-124
54.2	4.016532801e-125
54.3	4.769547725e-126
54.4	5.561164947e-127
54.5	6.365433549e-128
54.6	7.151110867e-129
54.7	7.883348707e-130
54.8	8.526028037e-131
54.9	9.044557642e-132
55.0	9.408857123e-133
55.1	9.596180868e-134
55.2	9.593423758e-135
55.3	9.398590064e-136
55.4	9.021202674e-137
55.5	8.48156771e-138
55.6	7.808967215e-139
55.7	7.039002624e-140
55.8	6.210426932e-141
55.9	5.361863473e-142
56.0	4.528804482e-143
56.1	3.741216526e-144
56.2	3.021967811e-145
56.3	2.386157553e-146
56.4	1.841295714e-147
56.5	1.388174982e-148
56.6	1.022210754e-149
56.7	7.350040628e-151
56.8	5.15902636e-152
56.9	3.533851017e-153
57.0	2.361582163e-154
57.1	1.539225035e-155
57.2	9.781677155e-157
57.3	6.059022539e-158
57.4	3.657073388e-159
57.5	2.150148106e-160
57.6	1.231023259e-161
57.7	6.8609576e-163
57.8	3.721165616e-164
57.9	1.963369241e-165
58.0	1.007405496e-166
58.1	5.024979355e-168
58.2	2.435778396e-169
58.3	1.146986352e-170
58.4	5.24489364e-172
58.5	2.328153046e-173
58.6	1.002809962e-174
58.7	4.189780462e-176
58.8	1.697305316e-177
58.9	6.664270028e-179
59.0	2.535094544e-180
59.1	9.339140514e-182
59.2	3.3305055e-183
59.3	1.149265236e-184
59.4	3.835752892e-186
59.5	1.237688938e-187
59.6	3.859313947e-189
59.7	1.162386095e-190
59.8	3.380127912e-192
59.9	9.485401401e-194
60.0	2.567510192e-195
60.1	6.70028237e-197
60.2	1.684944359e-198
60.3	4.081060396e-200
60.4	9.515580439e-202
60.5	2.134756862e-203
60.6	4.605583622e-205
60.7	9.550198563e-207
60.8	1.902374374e-208
60.9	3.638276937e-210
61.0	6.676792573e-212
61.1	1.175071617e-213
61.2	1.982132815e-215
61.3	3.202700788e-217
61.4	4.953976251e-219
61.5	7.331275813e-221
61.6	1.037343853e-222
61.7	1.402516968e-224
61.8	1.810737487e-226
61.9	2.230897529e-228
62.0	2.621139821e-230
62.1	2.934888811e-232
62.2	3.12955905e-234
62.3	3.175838258e-236
62.4	3.064823462e-238
62.5	2.810650626e-240
62.6	2.447593126e-242
62.7	2.022428868e-244
62.8	1.584431995e-246
62.9	1.175976693e-248
63.0	8.262294781e-251
63.1	5.490665278e-253
63.2	3.445923453e-255
63.3	1.903610476e-257
63.4	0.0
63.5	0.0
63.6	0.0
63.7	0.0
63.8	0.0
63.9	0.0
64.0	0.0
64.1	0.0
64.2	0.0
64.3	0.0
64.4	0.0
64.5	0.0
64.6	0.0
64.7	0.0
64.8	0.0
64.9	0.0
65.0	0.0
65.1	0.0
65.2	0.0
65.3	0.0
65.4	0.0
65.5	0.0
65.6	0.0
65.7	0.0
65.8	0.0
65.9	0.0
66.0	0.0
66.1	0.0
66.2	0.0
66.3	0.0
66.4	0.0
66.5	0.0
66.6	0.0
66.7	0.0
66.8	0.0
66.9	0.0
67.0	0.0
67.1	0.0
67.2	0.0
67.3	0.0
67.4	0.0
67.5	0.0
67.6	0.0
67.7	0.0
67.8	0.0
67.9	0.0
68.0	0.0
68.1	0.0
68.2	0.0
68.3	0.0
68.4	0.0
68.5	0.0
68.6	0.0
68.7	0.0
68.8	0.0
68.9	0.0
69.0	0.0
69.1	0.0
69.2	0.0
69.3	0.0
69.4	0.0
69.5	0.0
69.6	0.0
69.7	0.0
69.8	0.0
69.9	0.0
70.0	0.0
70.1	0.0
70.2	0.0
70.3	0.0
70.4	0.0
70.5	0.0
70.6	0.0
70.7	0.0
70.8	0.0
70.9	0.0
71.0	0.0
71.1	0.0
71.2	0.0
71.3	0.0
71.4	0.0
71.5	0.0
71.6	0.0
71.7	0.0
71.8	0.0
71.9	0.0
72.0	0.0
72.1	0.0
72.2	0.0
72.3	0.0
72.4	0.0
72.5	0.0
72.6	0.0
72.7	0.0
72.8	0.0
72.9	0.0
73.0	0.0
73.1	0.0
73.2	0.0
73.3	0.0
73.4	0.0
73.5	0.0
73.6	0.0
73.7	0.0
73.8	0.0
73.9	0.0
74.0	0.0
74.1	0.0
74.2	0.0
74.3	0.0
74.4	0.0
74.5	0.0
74.6	0.0
74.7	0.0
74.8	0.0
74.9	0.0
75.0	0.0
75.1	0.0
75.2	0.0
75.3	0.0
75.4	0.0
75.5	0.0
75.6	0.0
75.7	0.0
75.8	0.0
75.9	0.0
76.0	0.0
76.1	0.0
76.2	0.0
76.3	0.0
76.4	0.0
76.5	0.0
76.6	0.0
76.7	0.0
76.8	0.0
76.9	0.0
77.0	0.0
77.1	0.0
77.2	0.0
77.3	0.0
77.4	0.0
77.5	0.0
77.6	0.0
77.7	0.0
77.8	0.0
77.9	0.0
78.0	0.0
78.1	0.0
78.2	0.0
78.3	0.0
78.4	0.0
78.5	0.0
78.6	0.0
78.7	0.0
78.8	0.0
78.9	0.0
79.0	0.0
79.1	0.0
79.2	0.0
79.3	0.0
79.4	0.0
79.5	0.0
79.6	0.0
79.7	0.0
79.8	0.0
79.9	0.0
80.0	0.0
80.1	0.0
80.2	0.0
80.3	0.0
80.4	0.0
80.5	0.0
80.6	0.0
80.7	0.0
80.8	0.0
80.9	0.0
81.0	0.0
81.1	0.0
81.2	0.0
81.3	0.0
81.4	0.0
81.5	0.0
81.6	0.0
81.7	0.0
81.8	0.0
81.9	0.0
82.0	0.0
82.1	0.0
82.2	0.0
82.3	0.0
82.4	0.0
82.5	0.0
82.6	0.0
82.7	0.0
82.8	0.0
82.9	0.0
83.0	0.0
83.1	0.0
83.2	0.0
83.3	0.0
83.4	0.0
83.5	0.0
83.6	0.0
83.7	0.0
83.8	0.0
83.9	0.0
84.0	0.0
84.1	0.0
84.2	0.0
84.3	0.0
84.4	0.0
84.5	0.0
84.6	0.0
84.7	0.0
84.8	0.0
84.9	0.0
85.0	0.0
85.1	0.0
85.2	0.0
85.3	0.0
85.4	0.0
85.5	0.0
85.6	0.0
85.7	0.0
85.8	0.0
85.9	0.0
86.0	0.0
86.1	0.0
86.2	0.0
86.3	0.0
86.4	0.0
86.5	0.0
86.6	0.0
86.7	0.0
86.8	0.0
86.9	0.0
87.0	0.0
87.1	0.0
87.2	0.0
87.3	0.0
87.4	0.0
87.5	0.0
87.6	0.0
87.7	0.0
87.8	0.0
87.9	0.0
88.0	0.0
88.1	0.0
88.2	0.0
88.3	0.0
88.4	0.0
88.5	0.0
88.6	0.0
88.7	0.0
88.8	0.0
88.9	0.0
89.0	0.0
89.1	0.0
89.2	0.0
89.3	0.0
89.4	0.0
89.5	0.0
89.6	0.0
89.7	0.0
89.8	0.0
89.9	0.0
90.0	0.0
